#Monthly numbers of deaths island of mauritius 2003-2012
#Each row is a year data starting January 2003
#deaths <- ts(mydata,start=c(2003,1),frequency=12)
#quarterly <- aggregate(deaths, nfrequency=4)
721  621  632  704  629  684  850  829  668  692  605  675
634  640  688  658  688  746  765  763  672  741  637  627
739  624  727  653  683  662  766  786  724  724  653  681
664  643  913 1003  848  704  770  775  660  692  626  619
675  652  649  592  631  713  816  839  703  684  722  647
682  570  715  699  675  784  841  916  761  738  715  702
771  680  691  665  743  771  874  880  719  781  684  728
711  707  661  672  698  722  908  861  750  709  728  764
713  666  726  707  726  729  824  863  832  744  732  689
748  732  701  691  747  774  920  849  790  770  663  718
